20.24 20.195 20.19 20.12 20.22 -1 
20.195 20.19 20.12 20.22 20.1799 -1 
20.19 20.12 20.22 20.1799 20.145 -1 
20.12 20.22 20.1799 20.145 20.11 -1 
20.22 20.1799 20.145 20.11 20.03 -1 
20.1799 20.145 20.11 20.03 20.03 -1 
20.145 20.11 20.03 20.03 20.04 -1 
20.11 20.03 20.03 20.04 20.02 -1 
20.03 20.03 20.04 20.02 20.01 1.0 
20.03 20.04 20.02 20.01 19.98 1.0 
20.04 20.02 20.01 19.98 19.96 -1 
20.02 20.01 19.98 19.96 20.0 -1 
20.01 19.98 19.96 20.0 20.0208 -1 
19.98 19.96 20.0 20.0208 20.09 -1 
19.96 20.0 20.0208 20.09 20.05 -1 
20.0 20.0208 20.09 20.05 19.954 -1 
20.0208 20.09 20.05 19.954 19.9101 -1 
20.09 20.05 19.954 19.9101 19.8466 -1 
20.05 19.954 19.9101 19.8466 19.8199 -1 
19.954 19.9101 19.8466 19.8199 19.86 -1 
19.9101 19.8466 19.8199 19.86 19.8625 -1 
19.8466 19.8199 19.86 19.8625 19.8601 -1 
19.8199 19.86 19.8625 19.8601 19.77 -1 
19.86 19.8625 19.8601 19.77 19.73 -1 
19.8625 19.8601 19.77 19.73 19.71 -1 
19.8601 19.77 19.73 19.71 19.639 1.0 
19.77 19.73 19.71 19.639 19.6527 1.0 
19.73 19.71 19.639 19.6527 19.59 1.0 
19.71 19.639 19.6527 19.59 19.615 1.0 
19.639 19.6527 19.59 19.615 19.63 1.0 
19.6527 19.59 19.615 19.63 19.66 1.0 
19.59 19.615 19.63 19.66 19.68 1.0 
19.615 19.63 19.66 19.68 19.655 1.0 
19.63 19.66 19.68 19.655 19.675 1.0 
19.66 19.68 19.655 19.675 19.67 1.0 
19.68 19.655 19.675 19.67 19.69 1.0 
19.655 19.675 19.67 19.69 19.72 1.0 
19.675 19.67 19.69 19.72 19.74 -1 
19.67 19.69 19.72 19.74 19.78 -1 
19.69 19.72 19.74 19.78 19.81 1.0 
19.72 19.74 19.78 19.81 19.79 1.0 
19.74 19.78 19.81 19.79 19.76 1.0 
19.78 19.81 19.79 19.76 19.71 1.0 
19.81 19.79 19.76 19.71 19.75 1.0 
19.79 19.76 19.71 19.75 19.8391 -1 
19.76 19.71 19.75 19.8391 19.8762 -1 
19.71 19.75 19.8391 19.8762 19.83 -1 
19.75 19.8391 19.8762 19.83 19.86 -1 
19.8391 19.8762 19.83 19.86 19.84 -1 
19.8762 19.83 19.86 19.84 19.81 -1 
19.83 19.86 19.84 19.81 19.73 1.0 
19.86 19.84 19.81 19.73 19.66 1.0 
19.84 19.81 19.73 19.66 19.74 1.0 
19.81 19.73 19.66 19.74 19.7073 1.0 
19.73 19.66 19.74 19.7073 19.75 -1 
19.66 19.74 19.7073 19.75 19.785 -1 
19.74 19.7073 19.75 19.785 19.77 1.0 
19.7073 19.75 19.785 19.77 19.74 1.0 
19.75 19.785 19.77 19.74 19.74 1.0 
19.785 19.77 19.74 19.74 19.727999999999998 -1 
19.77 19.74 19.74 19.727999999999998 19.75 1.0 
19.74 19.74 19.727999999999998 19.75 19.765 1.0 
19.74 19.727999999999998 19.75 19.765 19.79 1.0 
19.727999999999998 19.75 19.765 19.79 19.75 1.0 
19.75 19.765 19.79 19.75 19.76 1.0 
19.765 19.79 19.75 19.76 19.79 1.0 
19.79 19.75 19.76 19.79 19.8 1.0 
19.75 19.76 19.79 19.8 19.79 1.0 
19.76 19.79 19.8 19.79 19.78 1.0 
19.79 19.8 19.79 19.78 19.7999 -1 
19.8 19.79 19.78 19.7999 19.85 -1 
19.79 19.78 19.7999 19.85 19.85 -1 
19.78 19.7999 19.85 19.85 19.84 -1 
19.7999 19.85 19.85 19.84 19.845 -1 
19.85 19.85 19.84 19.845 19.8156 -1 
19.85 19.84 19.845 19.8156 19.76 -1 
19.84 19.845 19.8156 19.76 19.77 -1 
19.845 19.8156 19.76 19.77 19.7679 -1 
19.8156 19.76 19.77 19.7679 19.7775 -1 
19.76 19.77 19.7679 19.7775 19.74 -1 
19.77 19.7679 19.7775 19.74 19.7101 -1 
19.7679 19.7775 19.74 19.7101 19.7199 -1 
19.7775 19.74 19.7101 19.7199 19.67 -1 
19.74 19.7101 19.7199 19.67 19.6601 1.0 
19.7101 19.7199 19.67 19.6601 19.63 1.0 
19.7199 19.67 19.6601 19.63 19.64 -1 
19.67 19.6601 19.63 19.64 19.68 1.0 
19.6601 19.63 19.64 19.68 19.645 1.0 
19.63 19.64 19.68 19.645 19.65 1.0 
19.64 19.68 19.645 19.65 19.65 1.0 
19.68 19.645 19.65 19.65 19.66 1.0 
19.645 19.65 19.65 19.66 19.68 1.0 
19.65 19.65 19.66 19.68 19.65 1.0 
19.65 19.66 19.68 19.65 19.67 1.0 
19.66 19.68 19.65 19.67 19.685 1.0 
19.68 19.65 19.67 19.685 19.6977 1.0 
19.65 19.67 19.685 19.6977 19.72 -1 
19.67 19.685 19.6977 19.72 19.75 1.0 
19.685 19.6977 19.72 19.75 19.74 -1 
19.6977 19.72 19.75 19.74 19.78 1.0 
19.72 19.75 19.74 19.78 19.75 1.0 
19.75 19.74 19.78 19.75 19.74 1.0 
19.74 19.78 19.75 19.74 19.77 1.0 
19.78 19.75 19.74 19.77 19.75 1.0 
19.75 19.74 19.77 19.75 19.755 1.0 
19.74 19.77 19.75 19.755 19.78 1.0 
19.77 19.75 19.755 19.78 19.78 1.0 
19.75 19.755 19.78 19.78 19.77 1.0 
19.755 19.78 19.78 19.77 19.78 1.0 
19.78 19.78 19.77 19.78 20.265 1.0 
19.78 19.77 19.78 20.265 20.4503 1.0 
19.77 19.78 20.265 20.4503 20.47 1.0 
19.78 20.265 20.4503 20.47 20.47 1.0 
20.265 20.4503 20.47 20.47 20.43 1.0 
20.4503 20.47 20.47 20.43 20.4752 -1 
20.47 20.47 20.43 20.4752 20.52 -1 
20.47 20.43 20.4752 20.52 20.59 -1 
20.43 20.4752 20.52 20.59 20.6 1.0 
20.4752 20.52 20.59 20.6 20.52 1.0 
20.52 20.59 20.6 20.52 20.5 1.0 
20.59 20.6 20.52 20.5 20.54 1.0 
20.6 20.52 20.5 20.54 20.57 1.0 
20.52 20.5 20.54 20.57 20.585 1.0 
20.5 20.54 20.57 20.585 20.64 1.0 
20.54 20.57 20.585 20.64 20.75 -1 
20.57 20.585 20.64 20.75 20.71 -1 
20.585 20.64 20.75 20.71 20.72 -1 
20.64 20.75 20.71 20.72 20.7106 -1 
20.75 20.71 20.72 20.7106 20.75 -1 
20.71 20.72 20.7106 20.75 20.72 -1 
20.72 20.7106 20.75 20.72 20.67 1.0 
20.7106 20.75 20.72 20.67 20.565 -1 
20.75 20.72 20.67 20.565 20.6 -1 
20.72 20.67 20.565 20.6 20.5701 -1 
20.67 20.565 20.6 20.5701 20.55 -1 
20.565 20.6 20.5701 20.55 20.55 1.0 
20.6 20.5701 20.55 20.55 20.3901 1.0 
20.5701 20.55 20.55 20.3901 20.365 1.0 
20.55 20.55 20.3901 20.365 20.425 1.0 
20.55 20.3901 20.365 20.425 20.4 -1 
20.3901 20.365 20.425 20.4 20.53 -1 
20.365 20.425 20.4 20.53 20.56 -1 
20.425 20.4 20.53 20.56 20.58 -1 
20.4 20.53 20.56 20.58 20.56 1.0 
20.53 20.56 20.58 20.56 20.45 1.0 
20.56 20.58 20.56 20.45 20.49 1.0 
20.58 20.56 20.45 20.49 20.47 1.0 
20.56 20.45 20.49 20.47 20.55 1.0 
20.45 20.49 20.47 20.55 20.545 1.0 
20.49 20.47 20.55 20.545 20.65 1.0 
20.47 20.55 20.545 20.65 20.645 1.0 
20.55 20.545 20.65 20.645 20.655 -1 
20.545 20.65 20.645 20.655 20.7 -1 
20.65 20.645 20.655 20.7 20.675 -1 
20.645 20.655 20.7 20.675 20.69 -1 
20.655 20.7 20.675 20.69 20.68 1.0 
20.7 20.675 20.69 20.68 20.63 -1 
20.675 20.69 20.68 20.63 20.6771 1.0 
20.69 20.68 20.63 20.6771 20.67 1.0 
20.68 20.63 20.6771 20.67 20.6758 1.0 
20.63 20.6771 20.67 20.6758 20.68 1.0 
20.6771 20.67 20.6758 20.68 20.66 1.0 
20.67 20.6758 20.68 20.66 20.6869 1.0 
20.6758 20.68 20.66 20.6869 20.69 1.0 
20.68 20.66 20.6869 20.69 20.74 1.0 
20.66 20.6869 20.69 20.74 20.82 1.0 
20.6869 20.69 20.74 20.82 20.815 -1 
20.69 20.74 20.82 20.815 20.82 -1 
20.74 20.82 20.815 20.82 20.8263 -1 
20.82 20.815 20.82 20.8263 20.85 -1 
20.815 20.82 20.8263 20.85 20.895 -1 
20.82 20.8263 20.85 20.895 20.83 -1 
20.8263 20.85 20.895 20.83 20.83 -1 
20.85 20.895 20.83 20.83 20.81 1.0 
20.895 20.83 20.83 20.81 20.8 -1 
20.83 20.83 20.81 20.8 20.819000000000003 1.0 
20.83 20.81 20.8 20.819000000000003 20.79 1.0 
20.81 20.8 20.819000000000003 20.79 20.78 -1 
20.8 20.819000000000003 20.79 20.78 20.848000000000003 -1 
20.819000000000003 20.79 20.78 20.848000000000003 20.835 -1 
20.79 20.78 20.848000000000003 20.835 20.835 -1 
20.78 20.848000000000003 20.835 20.835 20.8085 1.0 
20.848000000000003 20.835 20.835 20.8085 20.8 1.0 
20.835 20.835 20.8085 20.8 20.765 -1 
20.835 20.8085 20.8 20.765 20.78 -1 
20.8085 20.8 20.765 20.78 20.785 -1 
20.8 20.765 20.78 20.785 20.82 1.0 
20.765 20.78 20.785 20.82 20.78 1.0 
20.78 20.785 20.82 20.78 20.765 1.0 
20.785 20.82 20.78 20.765 20.755 -1 
20.82 20.78 20.765 20.755 20.775 -1 
20.78 20.765 20.755 20.775 20.805 1.0 
20.765 20.755 20.775 20.805 20.8 1.0 
20.755 20.775 20.805 20.8 20.81 1.0 
20.775 20.805 20.8 20.81 20.765 1.0 
20.805 20.8 20.81 20.765 20.77 1.0 
20.8 20.81 20.765 20.77 20.82 1.0 
20.81 20.765 20.77 20.82 20.85 1.0 
20.765 20.77 20.82 20.85 20.87 1.0 
20.77 20.82 20.85 20.87 20.87 1.0 
20.82 20.85 20.87 20.87 20.86 1.0 
20.85 20.87 20.87 20.86 20.89 1.0 
20.87 20.87 20.86 20.89 20.9192 1.0 
20.87 20.86 20.89 20.9192 20.94 -1 
20.86 20.89 20.9192 20.94 20.98 1.0 
20.89 20.9192 20.94 20.98 20.94 -1 
20.9192 20.94 20.98 20.94 20.98 -1 
20.94 20.98 20.94 20.98 20.95 -1 
20.98 20.94 20.98 20.95 20.98 -1 
20.94 20.98 20.95 20.98 20.978 -1 
20.98 20.95 20.98 20.978 20.92 -1 
20.95 20.98 20.978 20.92 20.9199 -1 
20.98 20.978 20.92 20.9199 20.965 -1 
20.978 20.92 20.9199 20.965 20.9 -1 
20.92 20.9199 20.965 20.9 20.9 1.0 
20.9199 20.965 20.9 20.9 20.8699 1.0 
20.965 20.9 20.9 20.8699 20.87 1.0 
20.9 20.9 20.8699 20.87 20.88 1.0 
20.9 20.8699 20.87 20.88 20.89 1.0 
20.8699 20.87 20.88 20.89 20.88 -1 
20.87 20.88 20.89 20.88 20.89 -1 
20.88 20.89 20.88 20.89 20.92 -1 
20.89 20.88 20.89 20.92 20.93 -1 
20.88 20.89 20.92 20.93 20.91 -1 
20.89 20.92 20.93 20.91 20.89 1.0 
20.92 20.93 20.91 20.89 20.885 -1 
20.93 20.91 20.89 20.885 20.91 -1 
20.91 20.89 20.885 20.91 20.89 -1 
20.89 20.885 20.91 20.89 20.8799 -1 
20.885 20.91 20.89 20.8799 20.89 -1 
20.91 20.89 20.8799 20.89 20.85 -1 
20.89 20.8799 20.89 20.85 20.8 -1 
20.8799 20.89 20.85 20.8 20.795 1.0 
20.89 20.85 20.8 20.795 20.84 1.0 
20.85 20.8 20.795 20.84 20.83 1.0 
20.8 20.795 20.84 20.83 20.795 1.0 
20.795 20.84 20.83 20.795 20.8 1.0 
20.84 20.83 20.795 20.8 20.83 1.0 
20.83 20.795 20.8 20.83 20.89 1.0 
20.795 20.8 20.83 20.89 21.1864 1.0 
20.8 20.83 20.89 21.1864 20.97 1.0 
20.83 20.89 21.1864 20.97 20.975 1.0 
20.89 21.1864 20.97 20.975 21.29 1.0 
21.1864 20.97 20.975 21.29 21.36 -1 
20.97 20.975 21.29 21.36 21.389 -1 
20.975 21.29 21.36 21.389 21.485 -1 
21.29 21.36 21.389 21.485 21.4 -1 
21.36 21.389 21.485 21.4 21.38 -1 
21.389 21.485 21.4 21.38 21.29 -1 
21.485 21.4 21.38 21.29 21.27 -1 
21.4 21.38 21.29 21.27 21.32 -1 
21.38 21.29 21.27 21.32 21.285 -1 
21.29 21.27 21.32 21.285 21.23 -1 
21.27 21.32 21.285 21.23 21.2 -1 
21.32 21.285 21.23 21.2 21.135 1.0 
21.285 21.23 21.2 21.135 21.04 1.0 
21.23 21.2 21.135 21.04 21.06 1.0 
21.2 21.135 21.04 21.06 21.055 1.0 
21.135 21.04 21.06 21.055 21.1299 -1 
21.04 21.06 21.055 21.1299 21.18 -1 
21.06 21.055 21.1299 21.18 21.21 -1 
21.055 21.1299 21.18 21.21 21.14 -1 
21.1299 21.18 21.21 21.14 21.165 -1 
21.18 21.21 21.14 21.165 21.13 -1 
21.21 21.14 21.165 21.13 21.17 -1 
21.14 21.165 21.13 21.17 21.14 -1 
21.165 21.13 21.17 21.14 21.025 1.0 
21.13 21.17 21.14 21.025 20.9962 1.0 
21.17 21.14 21.025 20.9962 21.01 1.0 
21.14 21.025 20.9962 21.01 21.0299 -1 
21.025 20.9962 21.01 21.0299 21.0 -1 
20.9962 21.01 21.0299 21.0 21.0754 -1 
21.01 21.0299 21.0 21.0754 21.0901 -1 
21.0299 21.0 21.0754 21.0901 21.0621 -1 
21.0 21.0754 21.0901 21.0621 20.98 -1 
21.0754 21.0901 21.0621 20.98 21.0 1.0 
21.0901 21.0621 20.98 21.0 20.98 1.0 
21.0621 20.98 21.0 20.98 21.01 1.0 
20.98 21.0 20.98 21.01 20.97 1.0 
21.0 20.98 21.01 20.97 21.0 1.0 
20.98 21.01 20.97 21.0 21.05 1.0 
21.01 20.97 21.0 21.05 21.065 1.0 
20.97 21.0 21.05 21.065 21.07 1.0 
21.0 21.05 21.065 21.07 21.0799 1.0 
21.05 21.065 21.07 21.0799 21.15 1.0 
21.065 21.07 21.0799 21.15 21.17 1.0 
21.07 21.0799 21.15 21.17 21.17 1.0 
21.0799 21.15 21.17 21.17 21.23 1.0 
21.15 21.17 21.17 21.23 21.25 -1 
21.17 21.17 21.23 21.25 21.25 1.0 
21.17 21.23 21.25 21.25 21.23 1.0 
21.23 21.25 21.25 21.23 21.24 1.0 
21.25 21.25 21.23 21.24 21.28 1.0 
21.25 21.23 21.24 21.28 21.245 1.0 
21.23 21.24 21.28 21.245 21.34 1.0 
21.24 21.28 21.245 21.34 21.36 -1 
21.28 21.245 21.34 21.36 21.45 1.0 
21.245 21.34 21.36 21.45 21.435 1.0 
21.34 21.36 21.45 21.435 21.46 1.0 
21.36 21.45 21.435 21.46 21.39 1.0 
21.45 21.435 21.46 21.39 21.38 -1 
21.435 21.46 21.39 21.38 21.49 -1 
21.46 21.39 21.38 21.49 21.555 -1 
21.39 21.38 21.49 21.555 21.54 -1 
21.38 21.49 21.555 21.54 21.4973 1.0 
21.49 21.555 21.54 21.4973 21.44 1.0 
21.555 21.54 21.4973 21.44 21.45 1.0 
21.54 21.4973 21.44 21.45 21.535 1.0 
21.4973 21.44 21.45 21.535 21.51 1.0 
21.44 21.45 21.535 21.51 21.6 1.0 
21.45 21.535 21.51 21.6 21.61 1.0 
21.535 21.51 21.6 21.61 21.585 1.0 
21.51 21.6 21.61 21.585 21.63 1.0 
21.6 21.61 21.585 21.63 21.6 1.0 
21.61 21.585 21.63 21.6 21.61 1.0 
21.585 21.63 21.6 21.61 21.7 1.0 
21.63 21.6 21.61 21.7 21.735 -1 
21.6 21.61 21.7 21.735 21.75 1.0 
21.61 21.7 21.735 21.75 21.7447 1.0 
21.7 21.735 21.75 21.7447 21.79 1.0 
21.735 21.75 21.7447 21.79 21.74 1.0 
21.75 21.7447 21.79 21.74 21.7 1.0 
21.7447 21.79 21.74 21.7 21.785 -1 
21.79 21.74 21.7 21.785 21.83 -1 
21.74 21.7 21.785 21.83 21.84 -1 
21.7 21.785 21.83 21.84 21.8161 -1 
21.785 21.83 21.84 21.8161 21.8201 1.0 
21.83 21.84 21.8161 21.8201 21.8 1.0 
21.84 21.8161 21.8201 21.8 21.78 1.0 
21.8161 21.8201 21.8 21.78 21.82 1.0 
21.8201 21.8 21.78 21.82 21.78 1.0 
21.8 21.78 21.82 21.78 21.8199 -1 
21.78 21.82 21.78 21.8199 21.9 -1 
21.82 21.78 21.8199 21.9 21.875 -1 
21.78 21.8199 21.9 21.875 21.83 -1 
21.8199 21.9 21.875 21.83 21.835 -1 
21.9 21.875 21.83 21.835 21.825 -1 
21.875 21.83 21.835 21.825 21.82 1.0 
21.83 21.835 21.825 21.82 21.74 1.0 
21.835 21.825 21.82 21.74 21.73 1.0 
21.825 21.82 21.74 21.73 21.7801 1.0 
21.82 21.74 21.73 21.7801 21.8 1.0 
21.74 21.73 21.7801 21.8 21.83 1.0 
21.73 21.7801 21.8 21.83 21.845 1.0 
21.7801 21.8 21.83 21.845 21.8699 1.0 
21.8 21.83 21.845 21.8699 21.895 1.0 
21.83 21.845 21.8699 21.895 21.845 1.0 
21.845 21.8699 21.895 21.845 21.94 -1 
21.8699 21.895 21.845 21.94 21.9554 -1 
21.895 21.845 21.94 21.9554 21.95 1.0 
21.845 21.94 21.9554 21.95 21.96 -1 
21.94 21.9554 21.95 21.96 21.96 1.0 
21.9554 21.95 21.96 21.96 21.9186 1.0 
21.95 21.96 21.96 21.9186 21.91 1.0 
21.96 21.96 21.9186 21.91 21.99 -1 
21.96 21.9186 21.91 21.99 21.9866 -1 
21.9186 21.91 21.99 21.9866 21.98 -1 
21.91 21.99 21.9866 21.98 21.98 -1 
21.99 21.9866 21.98 21.98 21.9999 -1 
21.9866 21.98 21.98 21.9999 21.97 1.0 
21.98 21.98 21.9999 21.97 21.9199 1.0 
21.98 21.9999 21.97 21.9199 21.88 -1 
21.9999 21.97 21.9199 21.88 21.98 -1 
21.97 21.9199 21.88 21.98 21.96 -1 
21.9199 21.88 21.98 21.96 21.93 -1 
21.88 21.98 21.96 21.93 21.945 -1 
21.98 21.96 21.93 21.945 21.945 -1 
21.96 21.93 21.945 21.945 21.895 -1 
21.93 21.945 21.945 21.895 21.93 -1 
21.945 21.945 21.895 21.93 20.58 -1 
21.945 21.895 21.93 20.58 20.48 -1 
21.895 21.93 20.58 20.48 20.44 -1 
21.93 20.58 20.48 20.44 20.5 1.0 
20.58 20.48 20.44 20.5 20.235 1.0 
20.48 20.44 20.5 20.235 20.245 1.0 
20.44 20.5 20.235 20.245 20.19 1.0 
20.5 20.235 20.245 20.19 20.3 -1 
20.235 20.245 20.19 20.3 20.255 -1 
20.245 20.19 20.3 20.255 20.35 -1 
20.19 20.3 20.255 20.35 20.38 1.0 
20.3 20.255 20.35 20.38 20.227999999999998 1.0 
20.255 20.35 20.38 20.227999999999998 20.195 1.0 
20.35 20.38 20.227999999999998 20.195 20.345 1.0 
20.38 20.227999999999998 20.195 20.345 20.37 1.0 
20.227999999999998 20.195 20.345 20.37 20.36 1.0 
20.195 20.345 20.37 20.36 20.45 1.0 
20.345 20.37 20.36 20.45 20.5 1.0 
20.37 20.36 20.45 20.5 20.525 1.0 
20.36 20.45 20.5 20.525 20.56 1.0 
20.45 20.5 20.525 20.56 20.6 1.0 
20.5 20.525 20.56 20.6 20.665 1.0 
20.525 20.56 20.6 20.665 20.675 1.0 
20.56 20.6 20.665 20.675 20.64 1.0 
20.6 20.665 20.675 20.64 20.63 1.0 
20.665 20.675 20.64 20.63 20.66 1.0 
20.675 20.64 20.63 20.66 20.705 1.0 
20.64 20.63 20.66 20.705 20.75 1.0 
20.63 20.66 20.705 20.75 20.81 1.0 
20.66 20.705 20.75 20.81 20.79 1.0 
20.705 20.75 20.81 20.79 20.77 1.0 
20.75 20.81 20.79 20.77 20.77 1.0 
20.81 20.79 20.77 20.77 20.8699 1.0 
20.79 20.77 20.77 20.8699 20.9 1.0 
20.77 20.77 20.8699 20.9 20.91 -1 
20.77 20.8699 20.9 20.91 20.89 -1 
20.8699 20.9 20.91 20.89 20.95 -1 
20.9 20.91 20.89 20.95 21.0 -1 
20.91 20.89 20.95 21.0 20.93 -1 
20.89 20.95 21.0 20.93 20.86 -1 
20.95 21.0 20.93 20.86 20.82 -1 
21.0 20.93 20.86 20.82 20.82 -1 
20.93 20.86 20.82 20.82 20.62 -1 
20.86 20.82 20.82 20.62 20.5999 1.0 
20.82 20.82 20.62 20.5999 20.5 1.0 
20.82 20.62 20.5999 20.5 20.49 -1 
20.62 20.5999 20.5 20.49 20.51 -1 
20.5999 20.5 20.49 20.51 20.54 -1 
20.5 20.49 20.51 20.54 20.595 1.0 
20.49 20.51 20.54 20.595 20.5 1.0 
20.51 20.54 20.595 20.5 20.48 1.0 
20.54 20.595 20.5 20.48 20.465 1.0 
20.595 20.5 20.48 20.465 20.5 1.0 
20.5 20.48 20.465 20.5 20.5234 1.0 
20.48 20.465 20.5 20.5234 20.53 1.0 
20.465 20.5 20.5234 20.53 20.55 1.0 
20.5 20.5234 20.53 20.55 20.58 -1 
20.5234 20.53 20.55 20.58 20.6 -1 
20.53 20.55 20.58 20.6 20.6403 -1 
20.55 20.58 20.6 20.6403 20.6263 -1 
20.58 20.6 20.6403 20.6263 20.6201 1.0 
20.6 20.6403 20.6263 20.6201 20.55 -1 
20.6403 20.6263 20.6201 20.55 20.57 -1 
20.6263 20.6201 20.55 20.57 20.64 -1 
20.6201 20.55 20.57 20.64 20.64 -1 
20.55 20.57 20.64 20.64 20.6301 -1 
20.57 20.64 20.64 20.6301 20.58 -1 
20.64 20.64 20.6301 20.58 20.55 -1 
20.64 20.6301 20.58 20.55 20.52 -1 
20.6301 20.58 20.55 20.52 20.47 -1 
20.58 20.55 20.52 20.47 20.41 1.0 
20.55 20.52 20.47 20.41 20.2901 1.0 
20.52 20.47 20.41 20.2901 20.39 1.0 
20.47 20.41 20.2901 20.39 20.4 1.0 
20.41 20.2901 20.39 20.4 20.335 -1 
20.2901 20.39 20.4 20.335 20.38 -1 
20.39 20.4 20.335 20.38 20.3901 -1 
20.4 20.335 20.38 20.3901 20.4 -1 
20.335 20.38 20.3901 20.4 20.44 1.0 
20.38 20.3901 20.4 20.44 20.34 -1 
20.3901 20.4 20.44 20.34 20.3499 -1 
20.4 20.44 20.34 20.3499 20.3699 -1 
20.44 20.34 20.3499 20.3699 20.395 -1 
20.34 20.3499 20.3699 20.395 20.39 1.0 
20.3499 20.3699 20.395 20.39 20.34 1.0 
20.3699 20.395 20.39 20.34 20.3745 1.0 
20.395 20.39 20.34 20.3745 20.36 -1 
20.39 20.34 20.3745 20.36 20.35 -1 
20.34 20.3745 20.36 20.35 20.4092 -1 
20.3745 20.36 20.35 20.4092 20.415 -1 
20.36 20.35 20.4092 20.415 20.39 -1 
20.35 20.4092 20.415 20.39 20.34 1.0 
20.4092 20.415 20.39 20.34 20.3 -1 
20.415 20.39 20.34 20.3 20.3253 1.0 
20.39 20.34 20.3 20.3253 20.275 1.0 
20.34 20.3 20.3253 20.275 20.25 1.0 
20.3 20.3253 20.275 20.25 20.32 -1 
20.3253 20.275 20.25 20.32 20.3211 1.0 
20.275 20.25 20.32 20.3211 20.29 -1 
20.25 20.32 20.3211 20.29 20.33 -1 
20.32 20.3211 20.29 20.33 20.33 -1 
20.3211 20.29 20.33 20.33 20.32 -1 
20.29 20.33 20.33 20.32 20.31 -1 
20.33 20.33 20.32 20.31 20.29 1.0 
20.33 20.32 20.31 20.29 20.24 -1 
20.32 20.31 20.29 20.24 20.285 -1 
20.31 20.29 20.24 20.285 20.29 -1 
20.29 20.24 20.285 20.29 20.2734 -1 
20.24 20.285 20.29 20.2734 20.2461 -1 
20.285 20.29 20.2734 20.2461 20.221 -1 
20.29 20.2734 20.2461 20.221 20.25 -1 
20.2734 20.2461 20.221 20.25 20.235 -1 
20.2461 20.221 20.25 20.235 20.19 -1 
20.221 20.25 20.235 20.19 20.19 1.0 
20.25 20.235 20.19 20.19 20.17 -1 
20.235 20.19 20.19 20.17 20.18 1.0 
20.19 20.19 20.17 20.18 20.15 1.0 
20.19 20.17 20.18 20.15 20.165 -1 
20.17 20.18 20.15 20.165 20.19 1.0 
20.18 20.15 20.165 20.19 20.18 1.0 
20.15 20.165 20.19 20.18 20.19 1.0 
20.165 20.19 20.18 20.19 20.18 1.0 
20.19 20.18 20.19 20.18 20.18 1.0 
20.18 20.19 20.18 20.18 20.19 1.0 
20.19 20.18 20.18 20.19 20.21 -1 
20.18 20.18 20.19 20.21 20.2 1.0 
20.18 20.19 20.21 20.2 20.2 -1 
20.19 20.21 20.2 20.2 20.2 -1 
20.21 20.2 20.2 20.2 20.225 -1 
20.2 20.2 20.2 20.225 20.2 -1 
20.2 20.2 20.225 20.2 20.385 -1 
20.2 20.225 20.2 20.385 20.06 -1 
20.225 20.2 20.385 20.06 19.89 -1 
20.2 20.385 20.06 19.89 19.8685 -1 
20.385 20.06 19.89 19.8685 19.77 1.0 
20.06 19.89 19.8685 19.77 19.7 -1 
19.89 19.8685 19.77 19.7 19.72 -1 
19.8685 19.77 19.7 19.72 19.7529 -1 
19.77 19.7 19.72 19.7529 19.75 1.0 
19.7 19.72 19.7529 19.75 19.66 1.0 
19.72 19.7529 19.75 19.66 19.68 1.0 
19.7529 19.75 19.66 19.68 19.68 1.0 
19.75 19.66 19.68 19.68 19.69 1.0 
19.66 19.68 19.68 19.69 19.7701 1.0 
19.68 19.68 19.69 19.7701 19.78 1.0 
19.68 19.69 19.7701 19.78 19.775 1.0 
19.69 19.7701 19.78 19.775 19.8799 -1 
19.7701 19.78 19.775 19.8799 19.9 -1 
19.78 19.775 19.8799 19.9 19.93 -1 
19.775 19.8799 19.9 19.93 19.94 -1 
19.8799 19.9 19.93 19.94 19.915 -1 
19.9 19.93 19.94 19.915 19.8375 -1 
19.93 19.94 19.915 19.8375 19.8 -1 
19.94 19.915 19.8375 19.8 19.71 -1 
19.915 19.8375 19.8 19.71 19.69 -1 
19.8375 19.8 19.71 19.69 19.69 -1 
19.8 19.71 19.69 19.69 19.6 -1 
19.71 19.69 19.69 19.6 19.57 1.0 
19.69 19.69 19.6 19.57 19.57 1.0 
19.69 19.6 19.57 19.57 19.51 1.0 
19.6 19.57 19.57 19.51 19.58 -1 
19.57 19.57 19.51 19.58 19.6 -1 
19.57 19.51 19.58 19.6 19.6 -1 
19.51 19.58 19.6 19.6 19.635 -1 
19.58 19.6 19.6 19.635 19.57 1.0 
19.6 19.6 19.635 19.57 19.57 1.0 
19.6 19.635 19.57 19.57 19.58 -1 
19.635 19.57 19.57 19.58 19.565 1.0 
19.57 19.57 19.58 19.565 19.51 -1 
19.57 19.58 19.565 19.51 19.615 -1 
19.58 19.565 19.51 19.615 19.61 -1 
19.565 19.51 19.615 19.61 19.58 -1 
19.51 19.615 19.61 19.58 19.6 -1 
19.615 19.61 19.58 19.6 19.57 -1 
19.61 19.58 19.6 19.57 19.505 -1 
19.58 19.6 19.57 19.505 19.5 -1 
19.6 19.57 19.505 19.5 19.48 -1 
19.57 19.505 19.5 19.48 19.44 -1 
19.505 19.5 19.48 19.44 19.398 -1 
19.5 19.48 19.44 19.398 19.38 1.0 
19.48 19.44 19.398 19.38 19.33 1.0 
19.44 19.398 19.38 19.33 19.29 1.0 
19.398 19.38 19.33 19.29 19.3199 1.0 
19.38 19.33 19.29 19.3199 19.2901 1.0 
19.33 19.29 19.3199 19.2901 19.36 1.0 
19.29 19.3199 19.2901 19.36 19.385 -1 
19.3199 19.2901 19.36 19.385 19.38 1.0 
19.2901 19.36 19.385 19.38 19.4026 1.0 
19.36 19.385 19.38 19.4026 19.41 1.0 
19.385 19.38 19.4026 19.41 19.41 1.0 
19.38 19.4026 19.41 19.41 19.38 1.0 
19.4026 19.41 19.41 19.38 19.41 1.0 
19.41 19.41 19.38 19.41 19.43 1.0 
19.41 19.38 19.41 19.43 19.42 1.0 
19.38 19.41 19.43 19.42 19.43 1.0 
19.41 19.43 19.42 19.43 19.4701 -1 
19.43 19.42 19.43 19.4701 19.48 -1 
19.42 19.43 19.4701 19.48 19.4881 -1 
19.43 19.4701 19.48 19.4881 19.505 -1 
19.4701 19.48 19.4881 19.505 19.4721 1.0 
19.48 19.4881 19.505 19.4721 19.43 1.0 
19.4881 19.505 19.4721 19.43 19.44 -1 
19.505 19.4721 19.43 19.44 19.455 -1 
19.4721 19.43 19.44 19.455 19.48 -1 
19.43 19.44 19.455 19.48 19.49 -1 
19.44 19.455 19.48 19.49 19.46 -1 
19.455 19.48 19.49 19.46 19.45 -1 
19.48 19.49 19.46 19.45 19.4201 -1 
19.49 19.46 19.45 19.4201 19.37 1.0 
19.46 19.45 19.4201 19.37 19.35 1.0 
19.45 19.4201 19.37 19.35 19.35 1.0 
19.4201 19.37 19.35 19.35 19.345 1.0 
19.37 19.35 19.35 19.345 19.325 -1 
19.35 19.35 19.345 19.325 19.35 -1 
19.35 19.345 19.325 19.35 19.35 -1 
19.345 19.325 19.35 19.35 19.3499 -1 
19.325 19.35 19.35 19.3499 19.35 -1 
19.35 19.35 19.3499 19.35 19.335 1.0 
19.35 19.3499 19.35 19.335 19.3 1.0 
19.3499 19.35 19.335 19.3 19.295 1.0 
19.35 19.335 19.3 19.295 19.28 -1 
19.335 19.3 19.295 19.28 19.34 -1 
19.3 19.295 19.28 19.34 19.34 -1 
19.295 19.28 19.34 19.34 19.345 -1 
19.28 19.34 19.34 19.345 19.39 -1 
19.34 19.34 19.345 19.39 19.3313 -1 
19.34 19.345 19.39 19.3313 19.32 -1 
19.345 19.39 19.3313 19.32 19.3 1.0 
19.39 19.3313 19.32 19.3 19.295 -1 
19.3313 19.32 19.3 19.295 19.2901 -1 
19.32 19.3 19.295 19.2901 19.27 -1 
19.3 19.295 19.2901 19.27 19.3 -1 
19.295 19.2901 19.27 19.3 19.3 -1 
19.2901 19.27 19.3 19.3 19.26 -1 
19.27 19.3 19.3 19.26 19.2 -1 
19.3 19.3 19.26 19.2 19.18 1.0 
19.3 19.26 19.2 19.18 19.1 1.0 
19.26 19.2 19.18 19.1 19.11 -1 
19.2 19.18 19.1 19.11 19.16 1.0 
19.18 19.1 19.11 19.16 19.18 1.0 
19.1 19.11 19.16 19.18 19.15 -1 
19.11 19.16 19.18 19.15 19.19 1.0 
19.16 19.18 19.15 19.19 19.13 1.0 
19.18 19.15 19.19 19.13 19.15 1.0 
19.15 19.19 19.13 19.15 19.175 1.0 
19.19 19.13 19.15 19.175 19.17 1.0 
19.13 19.15 19.175 19.17 19.15 1.0 
19.15 19.175 19.17 19.15 19.2 -1 
19.175 19.17 19.15 19.2 19.25 1.0 
19.17 19.15 19.2 19.25 19.28 -1 
19.15 19.2 19.25 19.28 19.35 -1 
19.2 19.25 19.28 19.35 19.33 1.0 
19.25 19.28 19.35 19.33 19.2542 -1 
19.28 19.35 19.33 19.2542 19.29 -1 
19.35 19.33 19.2542 19.29 19.35 -1 
